   huffman code  huffman value       bit code
           0006             05            01D            29
           0079             13            005             5
           000B             04            00E            14
           0000             01            000            -1
           0001             02            001            -2
           003A             31            001             1
           0001             02            003             3
           000B             04            00E            14
           000B             04            000           -15
           0001             02            001            -2
           000B             04            003           -12
           0001             02            003             3
           000B             04            006            -9
           000B             04            00D            13
           000B             04            008             8
           000B             04            007            -8
           0001             02            003             3
           0000             01            001             1
           0004             03            000            -7
           0004             03            003            -4
           0000             01            001             1
           001B             12            002             2
           0004             03            002            -5
           0004             03            005             5
           0001             02            002             2
           0001             02            001            -2
           0000             01            001             1
           FF8F             34            006            -9
           000B             04            008             8
           0000             01            001             1
           003B             41            000            -1
           0000             01            001             1
           007A             51            001             1
           0001             02            000            -3
           0001             02            000            -3
           0000             01            001             1
           07F8             D1            000            -1
